kroA100
Najdłuższy cykl ma długość 33788 dla iteracji 96
Najkrótszy cykl ma długość 29076 dla iteracji 51
Średni cykl długości dla wszystkich iteracji to 32527.0
Trasy dla najkrótszego cyklu:
[79, 55, 96, 74, 18, 64, 69, 21, 93, 17, 23, 98, 58, 16, 31, 44, 22, 76, 61, 34, 26, 11, 54, 33, 45, 2, 13, 99, 47, 29, 38, 84, 67, 72, 43, 1, 53, 68, 80, 60, 57, 66, 92, 0, 48, 91, 7, 41, 88, 30]
14245
[82, 28, 42, 40, 70, 51, 77, 95, 4, 36, 32, 75, 12, 94, 81, 49, 63, 39, 24, 86, 50, 27, 46, 62, 5, 89, 52, 3, 25, 65, 15, 87, 78, 37, 35, 83, 9, 71, 20, 73, 14, 10, 90, 97, 59, 85, 19, 56, 8, 6]
14831
Trasy dla najdłuższego cyklu:
[23, 17, 78, 52, 21, 69, 25, 3, 96, 55, 79, 41, 7, 91, 48, 0, 92, 66, 24, 68, 53, 1, 49, 81, 94, 12, 36, 95, 29, 47, 99, 40, 42, 28, 33, 82, 8, 11, 26, 34, 61, 59, 97, 31, 14, 58, 71, 9, 35, 37]
15835
[90, 46, 62, 5, 89, 74, 18, 87, 93, 15, 65, 64, 30, 88, 27, 57, 50, 86, 60, 39, 63, 43, 72, 80, 67, 84, 38, 75, 32, 4, 77, 51, 70, 13, 2, 45, 54, 6, 56, 19, 85, 76, 22, 44, 16, 73, 98, 83, 20, 10]
17953
No common values found