kroA100
Najdłuższy cykl ma długość 33788 dla iteracji 96
Najkrótszy cykl ma długość 29076 dla iteracji 51
Średni cykl długości dla wszystkich iteracji to 32527.0
Trasy dla najkrótszego cyklu:
[79, 55, 96, 74, 18, 64, 69, 21, 93, 17, 23, 98, 58, 16, 31, 44, 22, 76, 61, 34, 26, 11, 54, 33, 45, 2, 13, 99, 47, 29, 38, 84, 67, 72, 43, 1, 53, 68, 80, 60, 57, 66, 92, 0, 48, 91, 7, 41, 88, 30]
14245
[82, 28, 42, 40, 70, 51, 77, 95, 4, 36, 32, 75, 12, 94, 81, 49, 63, 39, 24, 86, 50, 27, 46, 62, 5, 89, 52, 3, 25, 65, 15, 87, 78, 37, 35, 83, 9, 71, 20, 73, 14, 10, 90, 97, 59, 85, 19, 56, 8, 6]
14831
Trasy dla najdłuższego cyklu:
[23, 17, 78, 52, 21, 69, 25, 3, 96, 55, 79, 41, 7, 91, 48, 0, 92, 66, 24, 68, 53, 1, 49, 81, 94, 12, 36, 95, 29, 47, 99, 40, 42, 28, 33, 82, 8, 11, 26, 34, 61, 59, 97, 31, 14, 58, 71, 9, 35, 37]
15835
[90, 46, 62, 5, 89, 74, 18, 87, 93, 15, 65, 64, 30, 88, 27, 57, 50, 86, 60, 39, 63, 43, 72, 80, 67, 84, 38, 75, 32, 4, 77, 51, 70, 13, 2, 45, 54, 6, 56, 19, 85, 76, 22, 44, 16, 73, 98, 83, 20, 10]
17953

kroB100
Najdłuższa suma cykli ma długość 33031 dla iteracji 22
Najkrótsza suma cykli ma długość 29879 dla iteracji 87
Średni cykl długości dla wszystkich iteracji to 31580.0
Trasy dla najkrótszego cyklu:
[36, 71, 79, 74, 99, 61, 4, 66, 39, 69, 52, 9, 84, 92, 2, 90, 96, 75, 58, 31, 97, 11, 70, 26, 33, 56, 73, 65, 3, 5, 14, 32, 63, 81, 50, 47, 62, 12, 77, 16, 35, 95, 23, 76, 49, 54, 87, 46, 78, 64]
14763
[67, 85, 48, 37, 19, 29, 68, 25, 55, 80, 22, 21, 18, 91, 43, 40, 44, 17, 15, 1, 30, 41, 13, 82, 86, 59, 88, 42, 51, 53, 57, 83, 6, 93, 34, 60, 8, 24, 45, 20, 89, 0, 94, 28, 7, 98, 27, 10, 72, 38]
15116
Trasy dla najdłuższego cyklu:
[74, 29, 80, 64, 36, 57, 51, 53, 22, 54, 49, 76, 23, 17, 95, 43, 16, 77, 12, 62, 30, 50, 81, 63, 32, 14, 5, 3, 88, 59, 65, 34, 26, 70, 11, 89, 94, 28, 98, 90, 2, 92, 72, 9, 52, 69, 66, 4, 61, 68]
16944
[44, 35, 18, 91, 40, 47, 1, 41, 13, 82, 86, 73, 42, 83, 6, 33, 56, 93, 60, 8, 24, 45, 20, 0, 97, 31, 58, 75, 7, 96, 27, 10, 84, 38, 39, 67, 25, 99, 55, 78, 46, 48, 85, 37, 19, 79, 71, 87, 21, 15]
16087